16
47
71
84
88
103
107
133
236
250
321
322
323
326
333
353
367
371
374
375
382
384
388
390
391
392
397
399
400
402
403
404
405
406
412
417
418
419
420
421
422
423
427
429
430
432
433
435
437
498
499
503
527
533
537
544
545
547
550
551
558
564
568
569
584
587
593
603
604
607
609
613
614
615
616
617
620
621
622
623
625
626
627
628
629
630
631
632
634
635
636
638
639
640
641
643
644
649
650
651
654
664
251
259
260
261
262
264
265
275
283
288
298
300
303
305
306
308
309
313
314
315
316
317
318
320
343
347
351
368
665
666
667
